2268129
1923556
1640025
1869085
1040283
1902731
1195654
1905256
2169844
1356237
1647641
1305920
1716058
2388699
2107658
1843070
1128122
1918478
2145664
1033324
1710343
1350830
2167335
1029255
1355113
1325059
1951438
1762900
1537500
1600972
1711739
2081715
1594266
1753099
2287674
1906843
2242881
1377342
2241137
1014711
1705656
1428524
1615219
1494323
1730587
1472738
1119416
1193499
1800014
2191668
1193860
1617429
2115168
1316576
2066730
2242238
1038836
1607813
1866593
2218997
2289666
1490582
1054074
1245723
1870334
1630398
1363957
1557477
1323416
2351343
1871909
1307313
2067725
1666346
2100406
1415460
2334856
1824568
1814502
1752426
2156400
1641563
2222485
1863129
1481052
2126750
2185022
2131464
1914763
2224392
1205068
2217773
1247703
1011420
1785408
2167068
1420608
1276545
2210408
1718323
1383317
1687625
1543287
1379636
1037979
1143793
1693520
1949549
1664883
2008042
1547669
1544378
2329490
2043285
2076082
1012906
1395893
2386886
2298996
2104835
1584436
1385165
2368332
1225371
2266670
1838212
2254148
1284802
2220442
1082757
1284268
2104010
1285181
1611692
2013885
1886976
1305598
1965385
2303905
1078768
2230550
1640712
1329822
1453629
1345226
2281342
1396204
1255678
1150945
2093506
1730318
1576909
1729971
2255526
1958602
1135696
1763078
1367935
2210732
2292355
2280791
2351779
2297886
1074007
1288170
1318281
1086228
2003020
2357622
1826498
1787553
1134699
1638194
2136202
1624259
1757997
1948570
2128070
1866120
1476998
2207437
1160853
1370514
1438437
1374821
1301809
2021937
1992724
1137262
1816500
1025781
1359232
1376773
1842035
1903699
2245838
2221794
2115057
2117397
2347795
