1299034
2238709
1484189
1526270
1121307
1194059
1832143
1957025
1257411
2198444
1807979
1433246
1135394
1535174
2212828
1582761
1578359
1783246
1490450
1800764
1310286
1273899
1499207
1719032
2267080
1550700
1169371
1472450
1283981
1859019
1019278
1737967
1446043
1078639
2081464
2178226
1744006
1643275
1458745
1893227
1675930
1497212
1068707
1340185
1022715
1928944
1669637
2125863
1067914
1710379
1855662
1958750
1625121
2191814
1133462
1633465
1249069
2089420
2273313
1251631
1911570
1662700
1431947
1264588
1319096
2019844
1402346
1861735
1879870
1972801
1405266
1923334
1240724
1481481
1900493
1521941
2184955
1511933
2179146
1632917
1700825
1423137
1174213
2175163
1711963
1526515
1292570
1953387
1737561
1997465
1271739
2022247
2281179
2145983
2260643
1880007
1864301
1914651
1998245
1193442
1447473
1784789
1714897
1978682
1969935
2233338
1152721
1573772
2381266
1157386
1520715
2231926
2252031
1617160
1055434
1567287
1282984
1596242
1058575
2044340
1605496
2379995
2091152
2168731
2178411
1491462
1440295
1185734
1489648
1309872
1104274
2297783
1612415
1352956
1040447
2024491
2160619
1831227
1142439
2265140
1516666
1306084
2045376
1957000
1160023
1260339
1531141
1732189
1368513
1650286
2147439
2211317
1368060
1011963
2046385
1107232
1944959
1182269
1415606
1890580
1107300
1653415
1100130
1964296
1850755
1012996
2040833
1995562
1112323
1890593
1169573
1946031
1259557
1646027
2034699
1916927
1261606
1792148
1691456
1176112
1270345
1519440
1661121
1503846
1972481
1763802
1129948
2158547
1685725
2153996
1501693
1450592
1331081
1156536
2201757
1532025
1752378
1494777
1212473
1938620
2094759
1372203
2261664
2254260
2120794
1068466
1544259
1572691
1817932
1845311
2118163
1056604
1464471
1294034
1380372
1365702
1582875
2332661
1058954
1087091
1780702
1639276
1565175
1100996
1126416
1230516
1603862
1516260
1228356
1752426
1008042
2108766
1096286
1517715
1807698
1515267
1636328
1202582
1704708
1951729
1680621
1796758
1552465
1818794
1761298
1670894
1749104
1766108
1239005
1420302
1438285
1453873
1676627
1000071
2135386
1935573
1965397
1408599
1999154
1345524
1463176
1686617
1237849
2153218
1534710
1215122
1718367
2079595
1079918
1820403
1406556
1873632
1883801
1195543
1303763
2179842
1040939
1957139
1523732
2228993
1696070
1660400
1280223
1501237
1573995
1927790
2258712
1613273
2088264
1404199
1272489
2085474
1219881
1978690
1316867
1082863
2245377
1978715
1376954
1702069
1147311
2273238
1035039
1558521
2237690
2131460
1385819
2226295
2296083
2349768
1053618
1215240
2136241
1185036
2065036
1852923
2143086
2020702
1134699
1853808
2206897
1578348
1897189
1861547
1200217
1749248
1806665
1914366
1263753
2249846
1597109
2138387
2019216
2206306
1515151
1118460
2056968
1101029
1517411
1906975
1538336
1147179
1354086
1778042
1570857
1995706
1706932
1088100
1336750
1742561
1792732
1080560
1198776
1400678
1983661
1328747
1375524
1299237
1345181
2115671
1171667
1545955
2222485
1678810
1337785
1849189
1766297
1995081
1216438
1340088
1030391
2154389
1167157
1330848
2216230
1567162
1197908
2207429
1251899
1604322
2151094
1869298
1113181
1474520
2233205
1995689
2063214
1699458
1517229
1066959
1508814
1536785
1280312
1703716
1124737
2114027
2152864
1984940
2115285
1593263
2005051
1392122
1584144
1575611
1232678
1608339
1830484
1525673
2124523
2147256
2102191
1333790
1204812
1153586
2158281
1099202
1818521
1977233
2016901
1406363
1541800
1059658
1750432
1221959
1430668
1135873
1686602
1581113
1551413
2069973
1280238
1051457
1014771
1434223
1964375
1313054
1023242
1469825
1437242
2066316
1665089
1187604
1521991
1021546
2275579
2265176
1368736
1946392
1774221
1881934
1377153
1868194
2019723
1131168
1750813
1388769
2003259
1315912
1534034
1429783
2077069
1282862
1635511
1201269
1904130
1838183
1929504
2239325
1789980
1795972
2071602
1527629
1455885
1709853
2106830
2005781
1015729
1033324
1260226
1025689
1878090
2047080
1133776
1303974
1063816
1295510
1492890
1055172
1290970
1970315
1313187
1036387
1530616
1869366
1114459
1734026
1537618
1954274
1543944
2055299
1657927
1051200
1500431
1434034
1102867
2103813
1110433
1107213
1026191
1056354
1377948
1329864
1730249
1069774
1951438
2067599
1609328
1348398
1998628
1513870
1081280
1197308
2061845
1688180
2081715
2374265
1542072
1117770
1918593
1043773
1846605
2084204
2240079
1185272
2307951
2284758
2046645
1735785
1863767
1203053
1079922
1586767
1855632
1165002
1073053
1957032
1076090
2320712
1215297
1107555
2236844
1290584
1098392
2231288
1329766
2036925
1623404
2079067
1537408
2270379
1077755
2217649
1813873
1193499
1711739
1724089
1664849
1155520
1110311
1082518
2141145
1084221
1070067
1512600
1368725
2094367
1908431
1870660
2138453
1151010
2180791
2255867
1669090
1907059
2223284
1957352
1336212
2009976
1473064
1585267
1397661
1483211
1565781
1301911
1364887
1800335
1403923
1004630
1521656
1352760
1520221
1671601
2279054
2245329
1237734
1135161
1663341
2024323
1683007
1986337
1301895
1813211
2207789
1142742
1235594
1448447
2250724
1806563
1333475
1453629
1982504
2253798
1228398
1630693
2138858
1183771
1704050
1753365
1129038
2270728
1285144
1960033
1420199
1021414
2257182
2073448
1702183
1257000
1037104
1641725
1174641
1764795
2041799
2353937
1690923
1954852
2209364
1058564
1859095
2160095
2260665
1899472
2214303
1817014
1074434
2015947
1133507
2278989
1328516
1938402
2101121
2074658
1079438
2177956
1513968
1187735
1111259
1697847
1441537
1499288
1422841
2029150
1168893
1930040
1990857
2183924
1662285
2038802
1569421
1596944
1454259
2298834
1567182
2185708
1676696
1011490
1441369
2224460
1240844
2203074
1331027
1389007
1339500
1125415
1831798
1005671
1538707
2261207
2110832
1556089
1994533
1755220
1745864
1511889
1488991
2350931
2053173
1721812
1596066
1191920
1400903
2109055
1729040
1788635
2103879
1928429
1217917
2082140
1951443
2198018
2262622
1517470
1977112
2057619
1335314
2298284
2023366
2218992
1912377
1375578
1043094
1879268
1335020
1691336
1185047
1788508
1832549
1843718
1143760
1245720
1546972
2035688
1346235
1624276
1403591
1510323
1971063
2179211
2023976
1687840
1994086
1909075
1945286
1142334
1397589
1794563
1833824
2211341
2253837
1396467
1832658
1809302
1549208
2236197
1391903
1219360
2158204
1233760
1356259
1217985
2231707
1097832
2153239
1990406
2166705
1790657
1188254
1490760
1659454
1455004
2330238
1624259
1862750
1595115
1443710
1678695
1072087
2112308
1487890
2186889
1294241
1135696
2168008
2051166
1193618
2044895
1173963
1380389
2135265
1775269
1687456
1612869
1522958
1203835
1795549
1806732
1105303
1797422
1497859
1282367
2190337
1973591
1440937
2020676
1929849
1211051
2197263
1469348
2243652
1279950
1196925
1608915
2135494
1992545
1109250
2167068
1124312
1080966
2083756
2091255
1837891
1472014
1287631
1401781
1888875
1848078
1592495
1923106
1223106
1546407
2265043
1491577
2008539
1573273
1406773
1842119
1691531
1063959
2099037
1149472
1902415
2282801
1995297
1030480
1406804
1437500
1873718
1069629
1210020
1632172
1785280
1827486
1189073
2185286
1610603
1867753
1446342
1232354
1875688
1888421
1274807
2255088
1307623
1750141
2276622
2029225
1630919
1156423
1448842
1927376
1924438
1503045
1396702
1387731
1104356
1313189
2039575
1973180
1894760
2019560
1340262
1115560
2106800
1847612
1025884
1742152
1730298
1272713
1636682
2196482
2052130
1440170
2061836
1959558
1471196
1901941
2101095
1221130
1267354
1620691
1574935
1244871
1611734
2144251
1953541
1420816
2208123
1488832
2275360
1540317
2220217
1797540
1263786
1622912
1447175
2104286
1914048
1937114
1457571
1385015
1942145
2033178
1051997
2166967
1629263
1821374
1807625
1732651
1188779
1343849
2188542
2287674
1884013
2195736
1223620
1845973
1387393
1185100
1474076
1024358
1514777
1902427
1570123
1385653
1846129
2210921
1547870
1780395
1659793
2245696
1967450
2323399
1121625
1869761
1573129
2217638
1051966
1447389
2274966
2252840
1153903
1850841
1057199
1977914
2060779
1130649
1514936
1321946
1948616
1281580
1876760
1820000
1343761
2141470
1471614
1985623
1450132
2293012
1708735
1880306
2057137
1001237
1890120
2080410
1047503
2013373
1220324
2220442
1329426
1843512
1078076
2212709
1242261
1250341
1954228
1244321
1327633
2120712
1449369
1189126
2057355
1503524
1428878
2001171
1304254
1713168
1339495
1175007
1368147
2192434
1845639
2278652
1984697
1141405
2230550
1715010
1908401
1696509
2156739
2007290
1305594
1430251
2189687
2136202
1580483
1244470
1647793
2175674
2061664
1273079
1091735
2134578
1703534
1398551
1576724
1821151
2131757
1054659
1131510
1762162
1901422
1112594
1516811
2080091
1181353
1373001
1523241
1421122
1177819
1979896
1613270
1510212
2189720
2236780
2010701
1443565
1699430
2257556
1430050
1107876
1268041
1984232
1991921
1710676
1818099
2012388
1536549
1644327
1024083
1838212
2209932
2298504
1017063
1075988
2125537
1132151
1587528
1344440
1290653
1748837
1886672
1298280
1755941
2242667
1637975
1079656
1980252
1122943
1262531
1350618
1618167
1094117
2121501
1699306
2213239
1457763
2108968
1824344
1379636
1830262
1329149
1343102
1540602
1022854
1995857
2042045
1969614
1833893
1303960
1967307
1300060
1359601
1996945
2030842
2119631
1524181
1155542
2227534
2084490
1869094
2114673
1262332
2111677
1241614
2070788
2199530
2220988
1426122
1403750
1926818
1773589
1738170
1079651
2259308
1723851
2171413
1037159
1564570
2249721
2194721
1031167
1408128
1137049
1289819
1630398
1411033
2050213
1374187
2145928
2085327
1641362
1553762
1330536
2058324
1828617
1130052
1394077
2164452
1886887
1193821
1392219
1604463
2216572
1749648
2221993
1168625
1905208
1260019
1576711
1074397
1342796
1756450
2142795
1257867
1430474
2058226
1073149
1385265
2105175
1264132
1829870
1502075
1648028
1530717
2233282
1901192
2023950
1815628
1801332
2255888
2282091
1569599
1997421
1144137
1954550
2276848
1026058
2278481
1168062
1652168
2223759
1087896
1249962
1680194
1939840
1895796
1030540
1313672
1819067
1760238
1779040
1919189
2052705
1424882
1632232
1132729
1710343
2044586
2131439
1757030
2051015
2204673
1329822
1369127
1584249
1972570
1498033
1390619
1230978
1595093
1846208
1958602
1348886
2116162
1944421
1452963
2095836
1971228
2298924
1515675
2056722
2199577
2205411
2055302
1757977
1911180
2184874
1467109
1412453
1477884
1928262
1692823
2317375
1359490
1330480
2149542
1906501
1063476
1819308
1574663
2104142
1548774
1997245
2064737
1902274
1834545
1893559
2113925
1810846
1592620
1380545
1628979
1454844
1802041
1236050
1102938
1878490
1052327
1705204
2147008
2073963
2033386
1088369
1007107
1757182
2251486
2163038
1446508
1518035
1424617
2166011
1306540
1775081
1283225
1030065
1181147
1626529
2289974
2056546
1720107
1004679
1098493
1863371
1265920
1795459
1396211
1272165
1333396
1741707
1925382
1307303
2263843
1960678
2259434
1549448
2051302
1474375
2189690
2271228
1586317
1687605
1854430
1762657
1073336
2092210
1347796
2177366
1730038
1032562
1620121
1750167
1479084
1065284
1193860
2132962
2245285
1517250
1086799
1655697
1076767
2167335
1520703
2260309
1197284
1796123
1194397
1269172
2079777
1186127
1439790
1579673
1166881
1872089
1947531
1528213
1879962
1963068
2222181
1650119
1257733
1132354
1479041
1985755
1310673
1181274
2105515
2211430
1507077
1176708
1665817
1330891
1962137
1836698
2249569
1404982
2256184
1922140
1942389
1111620
1606309
1679283
1553383
1433742
1192330
1483366
2234901
2020541
1851420
2279099
2236945
1363816
1022934
2049149
2287576
2171827
2274465
2183598
2117606
2114139
1753225
1751915
1030999
1039957
1107485
1849320
1613497
1581730
1087869
1149548
1525342
1305026
1149291
1656649
1625936
1632739
1299157
1449134
1064387
1213515
1023165
1974310
2035535
1322826
1692867
1319689
1008015
1685739
2171571
1471197
2167254
2069131
2155019
1417112
1726563
1247852
1204839
2189397
2014388
1507342
1217161
1237625
1873454
1812777
2237869
1732670
2039185
2142051
1893284
1435603
1479755
1664489
1554506
1483830
1747221
1277313
2274750
2382506
1186669
2233214
1188781
1593598
1410113
1565475
1219411
1470754
1174617
1597592
1201930
1333336
2131464
2201706
1126863
2055472
2021661
1651716
2098140
1561462
1439901
1489259
1551467
1306366
2069879
1203949
2132188
1745206
1456222
2052691
2253514
1824575
1443311
1808521
2220881
1112946
1162192
1122953
2044797
1971222
1787828
2212290
1222026
2169819
2079257
1296260
1069125
1215398
2289666
1847787
2068594
1440894
1243073
1923559
1792797
1512891
2006796
1242403
2175705
2227422
1489009
1376139
1777410
1146865
1668109
1432666
1441886
1286849
2163177
2101707
1328223
1934599
1353730
1946666
1535686
2030763
1256861
1064927
1167793
1616384
1857143
2240500
1313801
2096198
2226444
1039048
2115165
1110151
1194972
1235722
1010612
1661325
2042700
1569015
1448652
1841564
1202314
1068877
2071680
1730587
2011699
1886857
1833088
1953138
1144082
2124450
1154112
1741440
1533507
1010277
1406571
1938236
1941852
1998632
1003782
1679911
1876929
2059257
2241183
1495639
1631741
2028414
2297085
2210817
2048047
2004717
1001538
1040283
1969589
2288010
2117397
1515658
2240313
1188593
1121985
1576379
1516191
2056209
1182791
1920355
1178432
1836114
1515263
2215538
1917616
2245808
1540057
1048528
1051511
1643747
2114306
2012198
1062976
1106752
2159359
1477398
1948155
2143778
1169507
2221615
1009662
2037727
1601957
1321752
1862546
1998936
2307999
1904929
1761405
1369289
1465996
1638641
1893137
1917026
1035945
1583971
2282768
1063519
1995420
1439056
1887743
1955463
1437961
1371086
1857717
1522410
2238143
1177108
1996691
1794007
1582880
1149255
2133160
1608325
1195721
1826498
1683578
2117759
2108347
1847899
1637991
1319060
1198602
1566830
1191614
1351280
1318940
1342702
2297001
1391252
1850884
2027333
1567725
2183698
1292928
1690377
2087946
2070646
2116267
1770119
1761046
1658047
1610642
1682642
1500039
1683656
1548556
2234010
1046836
1513516
1718620
1192301
1727336
2222718
2090371
2083412
1371613
2222955
2198295
1991834
1328299
1018153
1562200
1264454
2075154
1784025
1424094
1437639
1674859
1901792
1238452
1974336
2060293
1324098
1582684
1349082
1441185
1040478
1137486
1249188
2271781
2150799
1661782
1505231
1121501
1443337
1229007
2158474
1511630
2036488
1852170
1071096
1765083
1984019
1514005
1468213
1035092
1725049
1714660
1221861
2215896
2109751
1668387
2118393
1562271
2048045
1887926
1591822
1735293
1060065
2292551
1339588
1572016
1304369
1736234
1855398
2202116
1448470
2243568
1584956
2200816
1785775
2325754
2168952
1038821
2064467
1271429
1491853
1721909
2028198
2201590
1957115
1719897
2298825
1115485
2128746
1020975
2295652
1472623
2130010
1344403
1961593
1285005
1595179
1604450
2071377
1298933
1802467
1858903
1021257
1417252
1841958
1729778
1926984
1592313
1067686
1843515
1547949
1855072
1723888
1435703
2031217
1346892
1151440
1086228
1957157
1786637
1376908
2141740
1783357
1347898
1923556
1751974
2203552
1170646
1785069
2024088
1980398
1178971
1232683
1962003
1668777
1189006
1588278
1746087
1145869
1878547
1102926
1938683
1286206
2309557
1798094
1083038
1722991
1287102
2262703
2001107
1212876
1559403
1029476
2235769
2135701
1967441
1970991
1949702
2038951
1693624
1082895
2141830
1518143
1592884
1300061
2228387
1873570
1231710
1524471
1637153
1300506
1883873
1141773
1246193
1962070
2092534
1052206
1008008
1013353
1023696
1930462
2042901
2022707
1889650
1627673
1015070
1670157
1214910
1029348
1162719
1253758
2281909
1126571
2081270
1640025
2221755
2233100
2241155
1527902
2185741
1956157
1244402
1193778
1784895
1677617
1683769
1522657
2083823
1165504
1049676
2025635
1546315
1493962
1505229
1914636
2130336
1987386
1287283
2264241
1490929
1357880
1178563
1733750
1611443
1494323
2027776
1937726
1844088
1695135
1900844
1147546
2315040
2132086
2001259
2102463
2134479
1782891
1688274
2084609
2101907
1077703
1945725
1252370
1437611
1051865
1853576
1551226
1774935
1328562
1216638
2246059
1488000
1977790
1808713
1816671
1645688
1385165
2096208
1578323
1347156
1112599
1843675
2079771
1950251
1888951
1634993
1736290
2156763
1871760
2276661
1276549
1557477
1811912
1814328
1788277
2268605
1149723
1349322
2197755
2273211
1854011
1278275
1067762
1678135
1973213
1567421
1458776
1735168
1588864
2176335
1996299
1391753
2009472
2234948
2073998
1963110
2084234
1427925
1615779
1625719
1276996
2261311
1944994
1537605
1042955
1467910
1517095
1798843
2193012
1990466
1445224
1602097
2173435
1032682
1618170
1287087
1505643
1035386
1549226
2214760
1528344
2206553
1396628
1146139
1911973
1782964
1195264
1095375
1545913
2207493
1342086
2157978
1305279
1770582
2097393
1951997
1324618
2132705
1871893
1815034
1185467
1071086
2189157
1210705
1278055
2294711
1513292
2213036
1333359
1348617
2184254
1312055
1380478
1987649
2210003
2155709
1475901
1855091
1768455
2194102
1359212
1983774
1794942
1933646
1149309
1661741
2264393
2353754
2153314
2178132
1574606
1535513
1358042
1595084
2162193
1210526
1866449
1490865
1462583
1038773
1573156
2043285
1280334
1356104
1995447
1581696
1571896
1480052
1159034
1546779
1656116
1256727
1314831
1087269
1409011
2135724
1807798
2199172
1836722
1810992
1466174
1772207
1549628
1993216
1842134
1076028
1631647
1699551
1032151
1024112
1092751
1896620
1245294
1572919
1711948
1589827
1370526
1039639
2246920
1539498
2087061
2247296
1420327
2031609
1837223
2030020
2210408
2331090
1228332
2048059
2271006
1371200
2354253
2153820
1340656
1614011
1968319
1704287
1725031
1878356
1145940
2017380
1112728
1505017
1118131
1889168
1232296
2165130
2223918
2143330
1153954
2010248
1835668
1471784
1318743
1272790
2311390
1519880
2010239
1323224
1785089
2213962
1694149
1371813
1665775
1356237
2277206
1865881
1707937
1354135
1751999
1663646
1551187
2126762
1903904
2040943
1609429
1253618
1874382
2130902
1631409
1949625
1763054
1544321
2089362
1837206
1952958
1489638
1240588
1459790
2251575
1763231
1502204
1482034
1288174
1221768
1677790
2026085
1627272
2241137
1910844
1406593
1839360
2208002
1849579
1348159
1473766
1605146
1846853
2186079
2048575
1342382
2297924
2165814
1702642
1163016
1836309
2388957
1943846
1528042
2171678
2270721
1357876
1058670
1376334
1370845
1663920
1894457
1492854
1250847
1994007
1265233
1774307
1558177
1593400
1725302
1968026
1858548
2122360
2112090
1180863
1109002
1124835
1148798
1142504
2278521
1427748
1973792
2118034
1119383
1816741
1239024
1196723
1393432
1379402
2116066
2201886
2207609
1398203
1904096
2160043
2230031
1598968
2126117
1268975
1566032
2292898
1831680
1050523
1384035
1274878
2240317
1971927
1611892
1474818
1151196
1065628
1020100
1639772
1306566
1098257
1457418
1485605
1581565
2223790
2169622
2214264
1263874
1739794
1536872
2167540
1376580
1337798
1905256
1360099
2022536
1287710
2216490
1730318
2109666
1840862
1930955
1612001
1583502
2222583
1260468
1914249
1001687
1753099
2265653
2274995
1605332
1363395
1715296
1326421
1815609
1070436
1874501
2148872
1313589
1085489
2007494
1736306
2069935
1055819
2167378
1190569
1856577
2142643
1273357
2227429
1519544
2223969
1400750
1278003
1941659
1477212
1143176
1372414
1136014
1085986
1708255
2094900
1722187
2271759
2001197
2215978
1516738
1004280
1338766
1349134
1154193
1494613
2182901
1251407
1273068
1970876
1192022
1072301
1939149
1736425
1047903
1301961
2209086
1155466
2057639
2254447
1461836
1258713
2295760
1159649
1016756
1886396
2259098
2156766
1049994
1043534
1688299
1609812
1887946
1348982
2009700
1840659
2387336
1914513
1670260
1892922
1006003
1373009
1860871
1522948
1147201
1051040
1766138
1617429
1446203
1879721
1455664
1664192
1667056
1090263
1805151
1739250
1439770
2262586
2024448
1133928
1042912
2283791
1911933
1231089
2212598
1082312
1042012
1275726
1692612
1947074
2016282
1009772
1668726
2260401
1215284
1986926
1022426
1363763
1848224
2221321
1831124
1116218
1213351
1502178
1955578
1617950
1526327
1559193
1378511
2056554
1485533
1368508
2192965
1573457
2028156
1196329
1091960
1634837
1534505
1434163
2293023
1475787
1802106
2145881
1919033
1881506
1454241
2227895
2111877
1687625
1863129
1709336
2239093
1119929
2371798
1727051
1284219
1883875
1078482
1260547
1870334
1588086
1308119
1767964
1241247
1163117
1940420
1003037
1140087
2328769
2081703
1542287
1820745
1847855
2212404
1858768
1510390
1827890
1871710
1175088
1295271
2074556
1886133
2056036
1137897
1725003
1374697
1595307
1789266
1471808
1567213
1757286
1744121
1363892
1503436
1380882
1088696
1527494
2224868
1409455
2081337
2221209
1938097
2158477
1135203
1358009
1120026
1055155
2083899
1601729
1205059
1923513
1980757
1596109
1093404
2165890
2017516
1530477
1868870
1105928
1924663
2165721
1920387
1032113
1926321
1181346
2160924
1183250
2018861
1945410
1862367
1235246
1027952
1861715
1224456
1152710
1210343
1195492
1297686
1551383
1837673
1793502
1066306
1403106
1769024
1205153
2291037
1614314
2285323
1931887
1247192
1436049
1311692
1233370
2160464
1986897
1822105
1217708
1695673
1509437
1247974
2178752
1993406
1263318
2193291
1738549
2051849
1316752
1781624
1170468
1245235
2007271
1042794
1490582
2369322
1027225
1182790
1900293
1520539
1433659
1124034
2052279
1627082
2341611
1892691
1028038
1790864
1475446
1448966
1332960
1027634
1099251
1278292
2359149
1219736
1261845
1000281
1616705
1314089
1060404
2215834
2090001
2199929
1012906
1283972
1432368
1985863
2035536
1559506
1192077
1222221
1372770
2274899
1025781
1912880
1227483
1150135
1363279
1741594
2188881
1333719
2016175
1383881
1809313
1593280
1902139
2118227
1562537
1261358
1563688
1893671
2123617
1438724
2116193
1503383
1435861
1906010
1866120
1569933
1701108
2014721
1892300
1429660
2018140
1489015
1321072
1811929
1446352
1998213
1625923
1666173
1189545
2002729
2000361
1848920
1850800
1746858
2075211
1932544
1869990
1518561
1793256
1944497
2020657
2116798
1870236
1335625
1244492
1966770
1632495
1469689
1825943
1846220
1970090
1599360
2126282
1510733
1320917
2267285
1195654
1824563
1704110
2184816
1372966
2344410
1386230
2122106
2207297
1828190
1802916
1122556
2082553
1111936
2045535
1157385
2245838
1481214
1983989
2052092
2143559
1196485
1704645
2156227
2090412
1176967
1445747
2002630
1630720
1871909
1853105
1703539
1110016
1758794
1148833
1571935
2280791
1491638
1728680
2172034
1187789
1389372
1116271
1561959
1396747
1865359
1689564
1177447
2243589
1232439
1299075
2048071
2215268
2130750
1102662
1099092
1780783
1002872
1783120
1399755
1439287
1731876
1200189
1323351
1448880
2013091
1992802
2279989
1011172
1774173
1761516
1448163
1496576
1556704
2132568
1220193
2328522
1694280
2130000
1207471
1645176
1106169
1668450
1187513
1751821
1536081
1684749
1170504
2126263
1422842
2299253
2225535
1032677
1754609
1778925
1534886
2046039
1080063
1267743
1481419
1174497
2232033
1542149
1679987
1948443
1505497
1351402
1764007
1090768
1606995
1661751
1921702
1723816
1825985
1245068
2103979
1718804
1679867
1443309
1263083
1516531
1058841
1684784
2241715
2152319
1949637
2239203
2208099
1720139
1622040
2135915
1990929
1174919
2093406
1636677
1751498
1537677
1161794
1142759
1448646
2021093
1489274
2136166
1081872
1848557
1640925
1797006
2038314
2238665
1897025
1489092
1003636
2260671
2277584
1619401
1885565
1824568
2115168
1341921
1578460
1597219
1169997
1579562
1835816
1026873
1385850
1547789
2020452
2138507
2094095
1494640
1081423
1069121
1861999
1075708
1287421
1196580
1274110
1717315
2068364
1802085
1220683
2051250
1819763
1332857
1668152
1275847
2148443
1207094
1543287
1370662
2230498
1559749
1513560
2257354
1262806
2193242
1512258
1553823
1526611
1870500
1795589
1444157
1259764
1677023
2033295
1091497
1793266
1065350
1243728
2193603
1666956
1401819
1204242
1487209
1303142
1768577
1947924
2206435
1863411
1764924
2072289
1711549
1865447
1999211
1273957
2278690
2284011
2078744
2156741
1784601
2005167
2274901
1536097
1218737
1354482
2078536
1419428
1696870
2290403
1924768
1382808
1490856
1579838
1493492
1804640
1098153
1038518
1729339
1504704
1674662
1009545
1712710
1698891
1195915
2114850
1153145
1359341
1094813
1690829
2278476
1644530
1296869
2065443
1926150
1876994
2108015
1479852
1015870
1838552
2281342
1724028
1950590
2225224
1850824
1053671
1665660
1854560
1747483
1872236
1386050
1922683
1776996
1538763
2083463
1771024
1296265
1125914
1484971
2012043
2100145
1420987
1924901
1074196
1267653
1815367
1034051
1008736
1371278
2102738
1986889
1156489
1849016
1376783
1329086
1406587
1634976
1530406
2050055
1328314
2267208
2073936
1128714
1508182
1553467
1321188
2119256
1945419
1518970
1212120
1738812
2233176
1315797
1123746
2287275
1437957
1265198
1818029
1230138
1334943
2200573
1144440
2245294
1596108
1396596
1155842
1864983
2273641
1403847
1508420
1378481
1517062
1890668
1511303
1536167
1079775
1298834
1579746
1612121
1700988
2271182
1669847
1971231
1070992
1965385
1090636
1441134
1962835
1497172
1340102
1387552
2113033
1584010
1216348
1296817
1120177
1335938
2334153
1510513
1765775
1049598
1373070
1623565
1830862
1038605
1248292
1641563
1913222
1386117
1307975
1577603
2061273
2060061
1801952
1011721
2087382
1760897
1294765
2048562
1721541
2203982
1688934
1986218
1695359
1112511
1641637
1868341
1012648
2274337
1680399
1654947
1716870
1122989
1653958
2092523
1899482
2191890
1366335
1674684
1866521
1484730
1085531
1605406
2231615
1067143
2063077
1718423
1987402
1954475
2159064
2168326
1330280
2389138
1186749
1861174
1326189
2245507
2154530
1305920
1019878
1870961
1124841
1649373
2062967
1044639
2107525
1475942
1176331
2328478
1176549
2240023
1258162
1799357
2015541
1715424
1399007
2161069
1573116
1274949
1453869
2164709
1301724
1640679
2023518
1006855
1737875
2263855
1360934
1005423
2180311
1095120
1282877
1656793
2264205
1287910
1346820
1518377
1810024
1923287
1039169
1302349
1366283
1353121
2363636
1980989
2210315
1564800
1774421
1268807
1244116
1181550
1871053
1725186
1975741
2020514
1380622
1736470
1948311
1550472
1601338
1444222
1143793
1860759
2251599
2104752
2246844
1154154
1313990
1028916
1995830
1334602
1181023
1361430
1344784
1185154
2268129
1263721
2115237
2140523
2189137
1153408
1563824
1399122
1795000
1317227
1048538
2115198
1026344
1631158
2166015
1192708
1251101
1147564
2072635
1651908
2022360
1507669
2268877
2074725
1564452
1065333
1147887
1047855
1962865
1009736
1755840
1056287
1160397
1281078
1036270
1991626
2195113
1685131
1615219
1635656
2092006
1453736
1240088
2162379
1506674
1596824
2270024
1590714
1431619
2205847
1377602
1332251
1293856
1292019
1388124
1270214
1549562
1146559
2357466
1575028
1214545
1019804
2150314
2270050
2213143
1185861
2087896
1963116
1233892
1325851
1203806
1649512
1785580
1189822
1153262
1197546
2016045
1526003
1906843
1028486
1621196
1414075
2289173
1079458
1314447
1199868
2205861
1150644
1366267
1866534
1456550
2118674
1730544
1237912
1839436
1333837
1114193
1841778
1604510
1087146
1288170
1445025
1808327
1478946
1538749
1105964
1549799
1180172
2297542
2107208
1992724
1705576
1321455
2173306
1470149
1648265
1052707
1420452
1389217
1707783
1051370
1048502
1090814
1953449
2087463
2282811
1059042
1247816
2158326
2215927
1999975
1973547
2249031
1530791
1543141
1028465
1916214
1603100
2162017
1496251
1161659
1399512
1318281
1788660
1122254
1510627
1571973
1257870
1124650
1640837
1460585
1168148
1268229
2159895
2250706
1550168
1459369
1678240
1903699
1601095
1006374
1894178
1225241
1074959
1419061
1482571
1401542
1158337
1862672
2113046
1975300
1697295
1122766
1243344
1942924
2010230
1754574
1502812
1253571
1107402
1760298
1091565
1888502
1001251
1211399
1180409
2169073
1476482
1244126
2110621
2006307
1860744
2287499
1494057
1163093
1911590
1306071
1248179
2026907
1776143
1504565
1144325
1616001
2052811
1217360
2143153
2131271
1473945
1101879
1744651
1724404
1960603
1920471
1823236
1384617
1310074
2201369
1971161
1782678
2046370
2275462
1168218
1966715
2123245
1330090
2232757
1802579
1757997
2292151
1277288
1998147
1406630
1390842
1401132
2030391
1839299
2215923
1326729
1389230
1590949
1237611
1900026
1858189
2024896
2171327
2171737
1388161
1884255
1708010
1265496
1900565
2025359
1807514
2118358
1412475
1157331
1882311
1466796
1097755
1346669
1666139
1321397
1516408
1919887
1395242
2198022
2028136
1177804
2285289
1418904
2292355
2106247
2155221
1562763
1014711
1602832
1587308
2082891
1044444
1403588
1354617
1772321
1546857
2135845
1327090
1070736
1487568
1214213
1566299
2189565
1333001
2330599
2286575
1260140
2180510
1415380
1242181
1395339
1273070
1849232
1551088
1864946
1961510
1448427
1793425
1322154
2147940
1664882
1743507
2151599
1925122
1582604
2353200
1990057
1127059
1561365
1721724
1048390
1431930
1971836
1211707
1625545
1182597
1116691
1074739
1063842
1652579
2049946
1565237
1128501
1803637
1819146
1750489
1269114
1937564
2261592
2187266
1876981
1597263
1085321
2263167
2096176
2096482
1668283
1997821
1806457
2127347
1366648
1129732
1480148
1049793
2281174
1351497
1427872
1290860
2003020
1498543
2191441
1960188
1907047
1928997
2348410
1875113
1091657
2226566
1180871
1619717
1538141
1349851
1671452
2035895
1249132
1705133
2036963
2205606
1062411
1259735
1260678
1336415
1063629
1487284
2244867
1482666
1798193
1478157
1940089
2094965
1054516
1835518
1892115
1896597
1252955
2341530
2006020
2085455
2243425
1146367
2205966
1423526
1766364
1854565
1418928
1998072
1548950
1528317
2027772
1087788
1461024
1029188
2180010
1528732
1415980
2042877
1886668
1723966
1408960
1225347
1879570
1578931
1119824
2169527
2052720
1887578
1109687
1529949
1554479
1639445
1153704
1827130
1852249
1542707
1639391
2211639
1433510
1572288
1647874
1381002
1748601
2268430
1842897
1232372
2232169
1155052
1887747
1505986
1273804
1952135
2157707
1477225
1091246
1534649
2201092
2297163
1989144
1319076
1122358
1577627
2101315
1105738
2183491
2238510
1795700
1662541
1041491
1178485
1949365
1468998
1828539
2280964
1674348
2081059
1928783
1076095
1404498
1564575
1315302
1169181
1246435
1998738
1869159
1761106
1501102
2011640
1353394
1069312
2215476
2159531
2208875
1342905
1298379
1108299
1112372
1324717
1592138
1270726
2179143
2282464
1522915
1386085
1763634
2158334
1723566
1646763
1502667
1267857
1195851
1129408
2234426
1229093
1133308
1310670
1983676
2128070
1695179
1599410
1116929
1510410
1962312
1170731
1140666
2084212
1854291
1546895
1142585
1119530
1055321
1961362
1407454
1101368
1536960
2125429
1524265
1693520
1864725
1881184
1413995
1106537
2298262
1841719
1752408
1072738
1420545
1089650
1590862
2059678
1762715
1287583
2290772
1159915
2277406
1048618
1813397
1666398
1032497
1846201
1140247
2192574
1049186
1563353
1907016
1168403
2244985
1673217
1501096
1295821
1474702
2349532
1835902
1451336
2187296
1015090
1345226
1799805
1348104
2174441
1870941
2069756
2087238
2185422
2199856
2057451
1564498
1742247
1064293
1725632
1220220
1764370
1373854
1934543
1405178
1903488
1669902
2104519
1278500
1982172
1045545
1520921
1102361
1723770
1972610
1526380
1429642
2177455
1120267
1349240
1751035
1771251
1144166
1219882
1098488
1524676
1405211
2080687
1544580
1926575
1006604
2353080
1818150
1642830
1063307
2240134
1604654
1317481
1290827
1098978
1098641
1490274
1768837
1253954
1657600
2108569
1358898
1467973
1018283
1593684
1912480
1023715
1726349
1122327
1870473
1914528
1761532
2036462
1039338
2223254
1919921
2113777
1078670
1487630
1281088
1693065
1863278
1337401
1557792
1458042
1108175
2210306
1011289
1584288
1026326
1589346
1887340
1657334
1053348
1960557
1004323
1858162
1734719
1676519
1196241
1582633
1786969
1919607
1108752
1869033
2161920
2235647
1829707
1753022
2072543
1384565
1602831
1700601
1135663
1264256
1666297
1256611
1175097
1656854
1009970
1955984
1689493
1179065
1328295
1278546
1483938
1189190
1836357
1835566
1468148
1786631
2290510
1987702
2202502
1903810
2019636
2177673
1946720
1812889
1990436
2134759
1187249
1493941
1621867
2368209
1197427
2094657
2239977
1369513
1641971
1530532
2082630
2015169
1735668
1241090
1076944
1012169
1408097
2268160
1800171
1611703
1735167
1735657
1031216
1474031
1608703
2023032
1107142
1767274
2054212
1107987
1419615
1787666
1138941
1975009
2174646
1218333
1818435
1862796
1495527
1528991
1790467
1616512
1387800
1973236
1817827
2104298
1556427
1476647
1702236
1546089
1629987
1095327
1976532
1370291
2297307
1876532
1565193
1560941
1595290
2103318
1842727
1956265
1761765
1722036
1428409
2242521
1893015
1329408
1900891
1832946
1326108
2191970
1521731
1955009
1030463
1339173
2294606
1519760
2141089
1285756
1727258
1903188
1827691
1835730
1794034
1381328
2139825
1676018
1571468
1763320
1979439
2139461
1565528
1591309
2290430
1020063
1616309
1405874
1933791
2225240
2263139
1383196
1108271
1837078
1738981
2018817
2038449
1484589
2245243
1481126
2026522
2031415
2272167
1892866
2104789
1662386
1240075
1822575
1702036
2262767
1492851
1065603
1703179
1526006
1083071
1376925
1152142
1920831
1064096
1343160
2211292
2251366
1860549
1411944
2168629
2105917
1761175
2225528
1009640
1217498
1509945
2310091
1824395
2197882
1557297
1618186
1023337
1859685
1839301
1781922
1561377
2227982
2287069
1810384
1239369
1486062
1089670
1826019
1194911
1879410
1111823
1530468
1565154
1250552
1780416
1801341
1829650
2110262
1880125
1846808
2115523
2121982
1041599
1174923
1960781
2254148
1335120
1784753
1755795
1216484
1666529
1328447
2161917
2211393
2149153
1557952
1589661
1586852
1890736
1716744
1225910
1759858
1861226
1032690
1377529
2117966
1244647
1793546
1730772
1425457
1045490
1875607
1058108
1157294
1179401
2254215
1929095
1953175
2040813
2236486
2033863
1044313
1695463
1615948
1223724
1789493
1804089
1748273
1839302
2176035
1094334
1614907
1336465
1955197
2133546
2260092
1087866
1056280
1918643
2289979
2281452
2166096
1623372
1490250
1362173
1410621
2153307
2123713
1413803
2063085
1207164
1819307
1606969
2141896
2116195
1924645
1322361
2180433
1060000
1033029
1983523
2297005
1121984
1245903
1813462
1805695
1984380
2337585
1781684
1888529
1704762
1103414
1720043
1287407
1355031
2213518
1127598
2029609
2210732
1824383
2085453
1677700
2253071
1365188
2126750
2024287
1051066
1933241
1312797
1300772
1781317
2242630
1609268
1220514
1224596
2180174
1260727
1273512
1453698
2262179
1579356
1320584
1576592
2235388
1924884
2280275
1822143
2109222
2048370
1429757
2118031
1487415
1420504
1483244
1687788
1136564
1901978
1586343
1081411
2091865
1759357
1610569
1706428
1008549
2180537
1640763
1054249
1422504
2261737
1613371
1361850
2003683
1029255
2056024
2087453
1836818
1654491
1368328
1896823
1537100
2139131
1442184
1138837
1646486
1384359
1642980
1535811
1933277
1373207
1005594
1943975
1516974
2193706
1156640
1949394
2234202
2004349
1899810
2122654
1703093
1046525
1326053
2156400
2013650
2273026
2253368
1116372
2037339
1273136
1179717
1470536
1014559
2162951
1423996
1195515
1054168
1820750
1453114
2221940
1882273
2264377
1872952
1481955
1525973
1622484
2115629
1997093
1674214
2123961
1444064
1084750
2018868
1733356
1064748
2266656
1977789
2232544
1659152
1226306
1243710
1944295
1649802
1300580
2168656
2236142
1528367
2003076
2106919
1453411
1346769
1490701
1963100
1995285
1268075
1133441
1630132
2163298
1987072
1557368
2343693
1039527
1749030
1126834
1664383
2140845
2260054
2310226
1398316
1953394
1421683
2279977
1600898
1575996
1566523
1697406
1846414
1494775
1865439
2126475
1240999
1614744
1569595
1769699
2163032
1757840
1416168
1585211
1204021
1905529
1216817
2287064
1844248
1047024
2162506
1850815
1664381
1970986
1214814
2188235
1707605
1047414
1955399
2129070
2042476
2184971
1353804
2100648
1312079
1883523
1367864
2129422
1270813
1542116
1714106
1113058
1119300
2067317
1491780
1038315
1751582
1739668
1289280
1399167
1078768
1537352
1693525
1850913
1756199
2110639
1853901
1129628
2109884
2299347
1580358
1631817
1366125
1951400
2069410
1726353
1276545
1857827
1427609
1203807
1553202
1093388
1731288
2217833
1686393
1893268
1612463
2049131
1278682
1284690
1491374
2000231
2172061
1045818
1951566
1835802
1086371
1631386
1750683
2161781
1044233
1187260
2054158
1721566
1499976
2229972
1655179
1370484
1644425
1033792
1677771
1738853
1005175
1538682
1334009
1616781
1146780
1938117
1111343
1410887
2155813
1728365
2029652
1391641
1867169
1545712
1916233
1166415
2270264
1908727
2029715
1453339
1695773
1289494
1814296
1205403
2040170
2055319
1866746
1466539
1427518
1816061
1848235
2146621
1586843
2244252
1425041
1637458
2215461
1706882
2024265
1766873
2032602
1397100
1170684
2205922
1689723
1013135
2014597
1032192
1947823
1005527
1794204
1414896
1006738
1534782
1751662
1428645
2139133
2025031
1548529
1294127
1647543
1331207
1326317
1289529
1053133
1654971
2299483
1792795
1765945
1630445
1635414
1669678
2284383
1852275
1308078
1792705
1705656
1874030
1744776
1397575
2135428
1645317
1064892
1875282
1286904
2200418
1978509
1591195
1133454
1940408
1019136
2211814
1361667
1536554
2250738
1488340
1156724
1790917
1404380
1602429
1169928
2053807
1512167
1500764
2298996
1826099
1839406
2224711
1453784
1535755
2002472
2117794
1663860
1230798
1887255
2244328
1231632
2139863
1369209
1586685
1424006
1442928
1294495
1750150
1366868
1985931
1914096
1554222
1847341
1404361
1431068
1433057
2083187
1280178
1019199
1033557
1720329
1164161
1204649
1987819
1878426
1187936
1241038
1986373
1600923
1467250
1526512
1438935
1200016
1443315
1469669
1104441
1204384
1456204
1536728
2055716
1101925
1173823
1463954
1321364
2049303
1903054
2133993
2243885
1581260
1740107
1631934
1089765
1768133
1852810
1393220
1230004
1768860
1324628
1281188
2081310
1029473
1919294
1635208
1875320
1155864
2064898
1690930
2233460
1084578
2008441
1870928
1649502
1878118
1176259
1125486
1718032
1386565
1538238
1856373
1397771
1940156
2101665
1796989
1953716
1380873
1994116
1873376
1271785
1663997
1107621
2180890
1572756
2099054
1969964
1007483
1466710
1529624
2036343
1261663
1634758
1707996
1466340
1346230
1960690
2052660
1230094
1396204
1262814
1758378
1380919
1532596
1781275
1332925
1450042
1853737
1558462
1506329
1188571
2271159
1252845
1995328
1694206
1436371
1312480
1042321
1268974
2240612
1945777
2263214
1390023
2240478
1149955
1883576
2290262
2283239
1771218
2030017
1343601
2135567
1803436
1782288
1919431
2168209
1020256
1497126
1366430
1884728
1843070
1090329
1850978
1713623
1538070
2304493
2242523
1708960
2251191
1750118
1490361
1049713
1024835
2013885
1271593
1637055
1028031
1155435
1321454
1061810
2158594
1868051
1789236
1999423
1115605
1323933
1994908
1642346
1764518
1518024
1352494
1390680
1342498
1082454
1537238
1232471
1239115
1325141
2060492
1405643
1733080
1768202
1577409
1435172
1040626
1209845
2105885
1438437
2165410
1869776
1743933
1216421
2255489
1236298
1208080
1988874
2227744
1853116
2046544
2269284
1743570
1695764
1410999
1251368
1682443
2007427
1156743
1870859
1236083
1531717
2259216
2343758
2351362
2299918
2131522
1792981
1877724
2203280
1758472
1042917
1464338
1087883
1241448
1966725
2277999
1496595
1344105
1538063
1584436
2272983
2148397
1426009
1511550
2248339
1954543
1166141
2212739
1703609
2226362
1240578
2105875
1791273
1022034
1299232
1777400
1071865
1642851
1599172
2026524
1605682
2118401
1082416
1284077
2257669
1967927
1768846
1819353
2278956
1810078
1631393
1389971
2147675
1542941
1893886
1695267
1559207
1080076
1015337
1253544
1766080
1336011
1491667
1509512
1640229
2239310
1805196
1058542
1878011
1109077
1951535
2166199
1075442
1420174
1301091
1478867
1201142
2237608
1414130
1549984
1708665
1759983
1590176
2103471
2075141
1689456
1837554
1830073
2102422
1825265
1864229
1343826
1459957
1369240
1459823
1646740
1573480
1150280
1147806
1184279
1016067
1891071
2169260
1167336
2241261
1415810
1115816
1748021
1209772
1368825
2173189
1249516
1449710
1181314
1388419
1289302
1700916
1988813
2276766
1628578
2228598
1460347
1039894
1606974
1327564
1684192
1379616
1385714
1537138
1207379
1114295
2089110
1388306
1273492
1185504
1592585
2346803
2091612
2062949
1751301
1632823
1439368
1405443
1606907
2240593
1198946
1010586
2055112
1651452
2175685
2016769
2243153
1544726
2016489
1426742
2096173
1656789
2000664
2290366
1571099
1959149
1611989
1657407
1843724
1621702
1699204
1566815
1145754
1366387
1413792
1919132
1511021
1244006
1731155
1772466
2192899
1796903
1732181
1742842
1500931
2010238
1754036
1302640
1541027
1014484
2091659
1157868
1873491
1068177
1034305
1267413
1209747
1628232
1270292
1613024
1983233
1104156
1974890
1772040
1877106
1415677
2238553
1464657
1906379
1512094
1525580
1362934
1911280
2230113
1125652
1427060
1642110
2018771
1008068
2171962
1023487
2159220
1084801
1158351
1346744
1046287
1463970
2267269
1527081
2115057
2156824
1501316
2266895
2193105
1665394
1612741
1551471
1035521
2173552
1686930
1911869
1889564
1758046
2010841
1086087
1449307
1195277
1068992
2030681
1664883
1667423
1306795
1840446
1778792
2051561
1890452
1898155
1676304
1871140
2053324
1997659
2109204
1306618
2154594
2165739
1374178
1595262
1928177
1956151
2169461
1701081
1811953
1097058
2315987
1625942
1469281
1584407
1865489
1181220
2044596
1693548
1541019
2048167
1345111
1857820
1978693
1767153
1158009
2005853
1723224
1747720
1140263
1498010
2030779
1006361
2210278
2364388
1259095
1335078
1199988
1268209
1910555
1080442
1263527
1534565
1596881
1491269
1808114
1894720
2242094
2212937
2072493
2367703
1156426
1847916
1898741
1778433
1941239
1303361
1133794
1666049
1134503
1231493
1562032
1776126
1121839
1927759
1262268
1742075
1023244
1716489
1544082
1499476
1044373
1014235
1858153
1301547
1164134
1315736
1036595
1014787
2200653
1724007
1850155
1703660
2046184
1823308
1202870
1104871
1749281
1792047
1416632
1760204
2161077
1336058
2195264
1128903
2278411
2179727
2178009
1413884
1587832
2131202
1863027
2089862
1761437
2255420
2251869
2212245
1762367
1917490
1167004
1161855
1125525
2121079
1105119
2164359
1714575
1858659
1505737
2226783
1694961
1277268
1412141
1922032
1943092
1906585
1465754
1053555
2039804
1022622
1321282
2176161
1075984
1064989
2252381
1583247
1222114
2093848
2112275
1375345
1516858
2119512
1658519
1101203
1411897
1405915
1972112
1899462
1344957
1345977
1024532
1085697
2283591
1876766
2155987
1602704
1133316
1476885
1394779
1344046
1503103
2257828
1529230
1611963
1777982
1249787
1929168
1617264
2097729
1647884
1987627
1514945
1549760
2017508
1187487
1721745
1440162
1421258
1318569
1999036
1375586
1540465
2157483
1629489
1439189
1948703
1333061
1365772
1072628
1959499
1119911
1654610
1355113
1535757
1791652
2219897
2057584
1664973
1718101
1487589
1998876
1881137
2278123
1630083
1354249
1180827
1085046
2185867
1662374
1598090
1004985
1883270
2277667
1337335
1914335
1504410
1738302
1193402
1436677
1388839
1604697
1669321
1681215
1274390
1642311
2078785
2160721
1048453
1432076
1411082
2299766
1529064
1832796
2032767
2256947
1790537
1184895
1977261
1501354
1344109
2228742
1582721
1396623
1482668
1502331
1977518
2234383
1626521
1015989
1423300
1739136
1226322
2076764
1227775
1923117
1628768
1704763
1173882
1629311
1500450
1786009
2282199
1653167
1769310
1350894
2318766
1058914
1200596
1744404
1421990
1169751
1856855
1773510
1940403
1057483
1596621
1036887
1228817
1615738
2322306
1155763
1260472
2078396
2367173
1813853
1255678
2222246
2009583
1331017
1107379
1077210
1584972
1833108
1350908
2283658
2023043
1603562
1897112
1709266
1350065
2191668
1130598
2047441
2133776
1238476
1962861
1237767
2178706
1108711
1120062
1073530
1716986
2137831
2233714
2115053
1364893
2074312
1398813
1425275
1361312
1578627
1343837
1600075
1865098
1458613
2259455
1761722
1161838
1426256
1560363
1675757
2255973
1542377
1015939
1742618
2290499
1478736
1161650
2208567
1290961
1908684
2246999
2264411
1234740
1892386
2149760
1958670
1893665
1908122
1533256
1985503
1869788
1489989
1332396
1797549
1039499
1981754
1183797
1561822
2220280
1316916
1249368
1300479
1648006
1638416
1370738
1393267
1877390
1509743
1728707
2010078
1958204
1388350
1469081
1537198
1223438
1643656
2217636
2095191
1058113
1793734
1951501
1668019
1381926
1398488
1054991
2196649
1966209
2229136
1316854
1504053
1427790
1323594
1505110
1119933
1248182
1504397
1410145
1607364
2093506
2022998
1484940
1087855
2239004
1369519
2260668
1720826
1808726
1265295
2180622
2093234
1421207
1839269
1395557
1712221
1594991
2052972
1424299
1135309
1664535
1465756
1802203
1654998
1365436
1670202
1095273
1524031
1295085
1784619
1273948
2172748
1127159
1936535
1801645
1409208
1538178
1480436
1966444
1865449
1917720
1887452
1136002
2256137
2202391
1780618
1849718
1232834
1822163
1401301
2264829
2271193
2277274
2001163
2315113
1897378
2134622
2049665
1145511
1870346
1629607
1784016
2221870
1229857
2082691
2018983
1689270
1946917
1656871
1197752
1109619
1447363
2107166
2295742
1601891
1997130
1543617
1553655
1652557
1392417
2199086
1150239
1930304
1711032
2111066
2094331
1834204
1377671
1000239
1357535
1914763
1192990
1328269
1581350
1934357
1326487
1619084
1685400
1609199
1065465
1788760
2032998
1196228
1987610
1182865
1573429
1750368
2017316
1874305
1038167
1762388
1988303
2242900
1127569
2287988
1805073
2274202
1618436
1742396
2069145
1091489
1779735
2366053
1110781
2307049
1307556
2103885
1243685
1705772
1816500
1951314
1525873
1484799
1825357
1150208
1221322
1576909
1360242
2289102
1001779
1424749
2288267
1149049
1095238
2101993
1088945
1647641
2190735
1003731
1597252
1819412
1018371
1491014
2287969
1258465
1342281
1053511
1806783
2190062
2284744
1955966
1188043
2167200
1263377
2150986
1098376
1243169
1391043
1886307
1101963
2097810
2048189
1451244
1866150
1575886
1383158
1815885
1127582
1698437
2002440
1207633
1572982
1722102
2117071
2235182
2060236
1352288
1886976
2260094
1147033
2251998
2294741
2042494
1251148
1133800
1943406
1915322
1287479
1217482
2016918
2273774
1414229
1074748
2292606
1221724
1185896
1861830
1128122
1424185
2314174
1722429
2315211
1087784
2297886
1960023
1505363
2284563
1339763
1114284
2238161
2020003
1097863
2034049
1442098
1556770
2241485
2008505
1452853
1356368
1598360
2197501
2294813
1901078
1736979
1053657
2282538
1962285
1668883
2173786
1453559
2075566
2112915
1357748
1792995
2328699
1091703
2180168
1150053
2150283
1937272
1893739
2278218
1312396
1335981
1661203
1978209
1950307
2186559
2101382
1225436
1198019
2274725
1259464
1731031
1759261
1884012
2341341
1805476
1173655
1843859
1617699
1562941
1305598
1492541
1103102
1600387
1092748
1732668
1898883
2261884
1195819
1349106
1541029
2055841
2207746
2169732
1624847
2297453
1970752
1634169
1234979
1604831
1840842
1239909
1764823
1699028
1114793
1206059
1315399
1105408
1373505
2088556
1066251
2058165
1727187
1850600
1201280
1633191
1594625
1207809
1431082
1672589
1540349
1329252
1810015
1536843
2207437
1559551
2281777
1563762
1163622
2220959
1910441
1035983
1609085
1389838
1971946
2126601
2339264
1938632
2149360
1725331
1036779
1655130
1077312
2236530
1859998
1768472
1316542
2278566
2114070
1223907
1427538
1018082
2014919
1271905
1036269
1253300
1284070
2292270
1979794
2130391
1260549
1381582
1631057
1270651
2234069
1214592
2169844
1714994
1885472
2366578
2079069
2050814
1489921
2067362
2101664
1081633
2118552
1146627
1192595
2233583
1177131
1067356
2279247
2061135
1477188
2128932
1138104
1847018
2209985
2073295
2290129
1796621
1547244
1954582
1431666
1610417
1907431
2007443
1088703
1097861
1327462
1136259
1879210
1717134
1544378
1907371
2221794
2261392
1260121
1921208
1034036
1484447
1946893
1583335
1451756
1532374
2198963
2204726
1308246
1439792
1892780
1943528
1774598
1265935
1819145
1085579
2162818
1901312
1033172
2239555
2242943
2021937
2107658
1312207
1981693
1028620
1588037
1940155
1701179
2102272
1929856
1662284
1824411
1043849
2206312
1447167
2016386
1597873
1349696
2180833
1260307
2228057
2194202
1040357
2106263
1463636
1997939
1833763
1825885
1972956
2288589
2114694
1551908
1980174
1182909
1260238
1851597
1209799
1057106
2010819
2017147
1295670
1630784
1669513
1623621
1130736
1875533
2259242
2103336
2219630
1502642
1501590
1500280
1776385
1458580
1892189
1281646
1140803
1236115
1672464
1046185
1033932
1435272
1653704
1993848
2126566
1948475
1076309
1496123
2161013
2169599
1793745
1351376
1271871
1272618
1464220
1736063
1277225
1326019
1627664
1068755
1163497
1472806
1628836
2155040
1386403
2151634
1329765
1362060
1883046
1550692
1310449
1139257
2026154
1611692
2138082
1052464
2194442
2088109
1307865
1722171
1905724
1204925
1241728
2189867
1497205
1882416
1989672
1569738
2015292
1117585
1236349
1095500
1471042
1962108
1646161
1801851
1187453
1450280
2066034
2171848
1014749
1460871
2144851
2234785
1107738
2098002
2293823
2015268
2022376
1909581
1492860
1606575
1839452
1267708
1348295
1869394
2013808
1882849
1201264
1867276
1027964
1623651
1419620
1174285
1737217
1247528
2059095
1309834
1195594
1952056
1151182
1862857
2232790
1250336
1074189
1249442
2293480
1375694
2027455
2275034
2287960
1776235
1662237
2105158
1052006
2129749
1843242
1721268
1704108
2037267
1235251
1256422
1330904
1264197
1987480
1954692
1784122
1254572
1185328
1736376
2227161
1076223
1384554
1068832
1771460
1479539
1915001
1367935
2267606
1639482
1581739
1736571
2209803
1128589
2078463
2266808
1682705
2242840
1557930
2138756
1918300
2293953
1121451
1672164
2264306
1161269
1783407
1809453
2129241
1078377
2157001
1655084
1447472
1005064
1525856
1473395
1200644
1691785
1850162
2052798
2177180
2292299
2271773
2256883
1015241
1659281
1885662
1377325
1484563
1944171
1125141
1547756
2232606
1848092
1143579
1461467
1773260
1073456
2274244
1084970
1163743
1091218
1818376
1005444
1205950
2231984
1248549
1351939
2160674
1644087
1423003
2016410
1284885
1031496
1608888
1463939
1687272
2299729
2205663
1726966
1912215
1514728
1015810
1791520
1212004
2092428
1404045
2206960
1539269
1835295
2066974
2350457
1751436
1999353
1649257
2192903
1652021
1195493
1360999
2008892
1080009
1703868
1638336
2027128
1718637
1624662
1157496
1635672
1219720
1658542
1441470
1274334
1343568
1311669
2245886
1174184
1246668
1267824
1872975
2045195
1899410
1744182
1987103
1573389
2230535
1877704
2272707
1627574
2216751
1305030
1544324
1029514
1622210
1537500
1988952
1102149
1997281
1999405
1462568
1953363
1098076
1164505
2030131
1661682
1235749
1700351
1538719
1269331
1092826
2267396
1694419
2006314
1470315
2072985
1383317
1769383
1185049
2271279
1772172
2162175
1116273
1705792
2064017
1491070
1763070
1930068
2000779
1019695
1639199
2080831
1092930
2012120
1943786
2136366
1650037
1413861
1546893
1740036
2052312
1767583
2013408
1677762
1814127
1891666
1229052
2254736
1233754
1393184
2102806
1927799
1630012
2031700
1940411
1255136
2358975
1346577
1982801
2021175
1282550
1643959
1530017
1110480
1391022
1709232
1511065
1944807
1993545
1403607
2101941
2147628
1495910
1588413
2171255
1298832
1122707
1831608
2155393
1265309
1649475
1186891
2104010
2130783
1500796
2332102
1486603
1805950
1311754
1536025
1143398
1240229
1176451
1426107
1406070
1011859
1641276
1704980
1523564
2170121
1587653
1281636
1169157
1860766
1329764
1142945
1844601
2242941
1018855
1706582
2168560
1051140
2185022
1603540
2090506
1636949
1218416
1076508
2041005
1149606
1562897
1191312
1077621
1001434
1839281
1666283
1011638
1990088
1353886
1775687
2246848
2160884
1380965
1279142
2094470
1277846
1238905
1010503
1401164
2109608
2029607
1215176
1511917
2228511
1456502
1105668
2245996
2076727
1049446
1456497
2100171
1403134
2059497
2057048
1428219
1850225
1345205
1278080
1597093
1134799
1704451
1917753
2284823
1298245
1772691
2009730
1012707
1364510
2262784
1242724
1207378
1868891
1098140
1157792
1842099
2205952
1798689
1774003
2323512
1728150
1280395
1322735
1908990
1070252
1852727
1885353
1285111
1527868
2133076
1551773
1376773
2192178
1384042
2205927
1244283
1168471
1866732
2092295
2361398
1489808
1480996
1915026
1813403
1499880
1010991
2001387
2000719
1490824
1901557
1248487
1192600
1191523
2049021
1218644
1144077
2062452
1696177
1551699
1381657
1175749
2229893
1465919
1846380
1126940
1103582
1951170
1197060
2062261
1604683
1385992
2307303
1903774
1158834
2027791
1230452
1710921
1819502
2231324
1917465
1595551
1195723
1489974
1703591
1476998
1395043
1249053
1443885
1329511
2047541
1835798
1461241
1536657
1247340
2151288
1316576
1039737
1328824
1699107
1651978
1751648
1976646
1946554
2265193
1641950
1905650
1971879
2122950
1387475
2304902
2281578
1204143
1706401
2195239
2094240
1401022
2259710
1007655
1539520
1079126
2176145
1401918
2147573
1197080
2113279
1292136
1058982
1510439
2165751
1418039
1046148
1930372
2128173
1445489
1693740
1603656
1117318
1008555
1810772
1150129
1597364
2096361
1439044
1034646
2200053
2041475
1840507
1484230
1983053
1876913
1902731
1578407
1047531
1058912
2082403
1336272
2082153
2012860
2010061
1185220
1799133
1136531
1635666
1908787
1490046
1644720
1122911
1163487
2216523
1930858
2107417
2078458
2080321
1878786
1973370
2293323
1292831
1672744
1804925
2184960
1414408
1978279
2094636
1305325
1148367
1464745
2384162
1005648
1549087
2107935
2274548
1767230
2100406
1108243
2317371
1768409
2147739
1255589
1565632
1241805
1791707
1479864
1810191
1351602
1334991
2199689
2245397
1994964
1425119
1932318
2115873
1478395
1677873
1040430
1011020
2201030
1420270
1537015
1920447
1058476
2205900
1136242
1937018
1559150
1581960
1068301
1131612
1044161
1174976
1269183
1032143
1682463
1795696
1102915
1175172
1193225
1580177
1909771
1037032
1694277
1886477
1995426
1274675
1763078
1573328
1278849
1618700
1697971
2116414
1480043
2141532
2295274
1489153
1840638
2242238
1992660
2165189
1670450
1478977
1386931
2234591
1835954
1571566
1577752
2064589
2208482
1381753
1789246
2248714
1130672
1407776
1257522
1277489
1412369
2024353
1068598
1755580
1113136
1893776
1346220
1423074
1375591
1190836
1251365
1111631
1916935
2210797
2019980
1747905
1361530
1852184
2000488
1884978
1731468
1195073
1777361
1389156
1531846
2137959
1688092
1416890
1440540
1625483
1514168
2285952
1258947
2265433
1430188
1077373
2048611
1845992
1465031
1189489
1849307
1029499
1558516
1832990
1871247
1289418
2183023
1418557
1463751
1688461
2137044
2026480
1832115
2278113
1492627
1085306
1528930
1456131
1368269
2022844
1836149
1814793
2149170
1094617
2173694
1456941
1130923
1850318
2056874
2143799
1652670
1938023
1086579
1426773
1022746
1120456
1600675
1256992
1240098
1336080
1628048
1941953
2223007
1637400
2115453
1026928
1057864
1993484
1666864
1801712
1287121
1335520
1618505
1893603
1273413
1674820
1609527
2027853
1180771
1555947
1715123
1105231
1556652
1029141
2265674
1400800
1129304
2025257
2050133
1009641
2280445
2261243
1454284
2051732
1882760
2042066
1399347
1511223
2292968
1828621
1205072
2275394
1882241
1876121
2110996
1801153
2112366
1489538
2036675
1613716
2251402
1328902
1431945
1185743
1693609
1874810
1439242
2156278
1278269
1090965
1667748
2097776
1431639
1567105
1918478
2094924
1243358
1536824
1960185
1545135
2183930
1873625
2067725
1225782
1795342
1871425
1345128
2046637
2102828
1960067
1005462
1738057
1923030
1156183
2246285
1284268
1815976
1804839
1105556
1782459
1073657
1625259
1150945
2104750
1600604
1501015
2289934
2160569
1464962
1550604
2084613
1095144
1334960
1154315
1134903
1354190
1074391
2242390
2070929
1430059
1321733
1895523
1252353
1003174
1122032
2072643
1733661
1413089
1435720
2086423
1484495
1788043
1225877
1003660
1854829
1284426
2267657
1960022
1886848
1995018
1764088
2225551
1372501
1979777
2179703
1045831
2058959
1362238
1357870
1924817
1978955
1390354
1285404
1680277
1975489
1738547
1413120
1398553
1465139
1133479
2311827
2360560
1835289
2295238
1800014
2199281
1060200
2269309
1653188
1723866
2237794
2166398
1455525
1523655
1004071
1374821
1886896
1989227
1229089
1037072
1257414
1003378
1546332
1468659
1763712
1725788
1759641
1145472
1610093
1688909
2201249
1456921
1215988
1257834
2123711
1109198
2112173
1331009
2188844
2176186
1262059
2147999
1749110
1338194
1109617
1902045
1035933
2276901
1807738
1113197
1851112
1479467
1214372
1475644
2271155
2326292
1498095
1446717
1118113
1354747
1795237
1062295
1695864
2145664
1529790
1820114
1079009
1863956
1201550
1615370
2129361
1856367
1945136
1855107
1604175
1954202
1249275
2029882
1962201
2296175
2070082
2276517
1633915
1853647
2168716
1983843
1239389
1544863
1337336
1857071
1185508
1449316
1492162
1634422
1311139
1034679
1453871
1989415
1814042
1032803
1165211
1013169
1187727
2287451
1595807
2002922
1994298
2080796
2090976
1075993
1146809
1211351
1976311
1314567
1562531
2036907
1695619
1645670
1520260
1399132
2194335
1076080
1653488
1519266
1913284
1565423
2069914
1689932
1243721
2015843
1196873
2257953
2251950
1785228
1759918
1937794
1246505
1781414
1895905
1198279
1605416
1778586
1075831
1743573
1192349
1003676
1185672
2009449
2007284
1736682
1399429
2113926
1385827
1583046
1245723
1067273
2152404
1557074
1368615
1332410
2042298
1296338
1847872
1995915
1520713
1462723
2263581
1887440
1893106
1051127
1787820
1296586
2165258
1493247
1764798
1180589
1300006
1876816
1888871
2220947
1420130
1980382
1051925
2166358
1165433
1548155
1594266
1819681
2261983
2015427
1006103
2266585
1186206
1490809
1196143
1168322
1671265
2168884
1687678
1713117
1314967
1990430
1979980
1326505
1738670
1071831
2197793
1239644
1761555
1136291
2273799
1948570
1117719
1728113
2272446
1550501
1207173
1337102
1651048
1962323
1314834
1995640
1384682
1325059
2037557
1602243
1229098
1630631
1814871
2069585
1153539
1612714
1601163
1048283
1004498
1108289
2020378
1770240
1832175
1449224
1439236
1108713
2097001
1698417
2267294
2168786
1486475
1089510
2192825
1232544
1103891
1377872
1755982
1202439
2207744
2115694
1278826
1380257
1625786
1704082
1681416
1390067
1856620
1711863
1902719
1295013
1901113
2257003
1032110
1543583
1409192
2220729
2252460
1340183
2022233
1939372
1401898
1315955
1650576
2101352
1192024
1897787
2271612
2079886
1640340
2264596
1313524
1748561
1164245
1519185
1967680
1357568
1558833
1040181
1952170
2113611
1090404
1660567
2088617
1353534
1135112
1828092
1204908
1223912
1707342
1148644
2278089
1482968
1817980
1712791
1385661
1039984
1752616
1609426
1689167
1632010
1745012
2028822
1509324
1740719
1261533
2106460
2132323
1827202
1541414
2076370
1303855
1998843
1396120
1447281
2292030
1944178
1190018
1697207
2187111
2203108
1467170
1817021
1032203
1976669
2266733
1279574
1669935
1265645
1414143
1070453
2028373
1523915
1533519
1685325
1260123
1573771
1509354
1448475
2197658
1287941
1136530
2085069
1456599
1878254
2134302
1935143
1517158
1509016
1480206
2078092
2093020
2071175
1338639
2170502
1315182
1905746
1391964
1842872
1053531
1298687
2250784
2149828
1595816
1914387
2211171
1164233
1829100
1938290
1913029
1417690
1372469
1490006
1070481
1883492
1110421
1165113
1612047
1675786
1783838
1894857
1513536
2267540
1471564
2226135
1502412
1815247
1870837
1392007
1601000
2198551
1757780
2223920
1138475
1466289
1825589
1120865
1988640
1504673
1838263
1603171
2241546
1850682
1947902
1885112
2049431
2197860
1563315
1886463
1522701
1348658
2298139
1246100
1000963
2065044
1086551
1128745
2077783
1646430
1974669
1045457
1676736
1550536
1264599
1556215
2008564
2154332
2322016
1284610
1573753
1632367
1020412
1700847
2266852
2149419
1897768
1906366
2221102
2224739
2285331
1400320
1191514
1679077
2092942
2098144
1137262
2188870
1942739
1199241
1273225
1451926
1977025
1380769
2122773
1855087
1034052
2107909
2272218
2270945
1843612
1182056
1940261
1598279
2042042
2076082
2222826
1018525
2129514
1830660
1187455
1475837
1396549
1639948
1607406
1532036
1100313
2217690
1618023
1433330
1731560
1614768
1990144
2053904
1412130
2288151
2066730
1394382
1245632
2162198
1884260
2230934
2245317
1247648
1379787
1321566
1308177
1778429
1757308
1890744
1590588
1121748
1082757
2150013
1767183
2148695
1568947
1339214
1877625
1211529
1567532
1476945
1791515
1324418
1054979
1721840
1429722
1996972
1464805
2177128
1355471
1643727
1008114
1220964
1481072
1762304
2106454
1676358
1347284
2186073
1512928
1781489
2031312
1561979
1378072
1706903
1704372
1891205
1134149
2232192
1441572
1049862
2256328
1369765
1106938
1959402
2298063
1269688
1006287
1525415
2110784
2091548
1063041
1542988
1741078
1719869
2238023
1818706
1389000
1350702
1638806
1745451
1854848
2170956
1541299
1954861
1895619
1748149
1601654
1576208
1614053
1463416
2228652
2003212
1410290
1318065
1040070
1394577
1962551
1599776
1895542
2058967
1063884
1488135
2062981
1284802
2219820
1437730
1701080
1018510
1415460
1628647
1243023
1063130
2260572
1613513
1375099
1900412
1170317
2190510
1659935
1147947
2052391
2131163
1158648
1014868
1635873
1148342
2031150
1967632
1784368
1221128
1551659
2245266
1699588
2261051
1907273
1989987
1617710
1456629
1889199
1520758
1734047
2297865
2029670
1662745
1878113
1048906
1837996
2154450
1472644
2166610
1974760
1733832
1575194
1831974
1980594
1375768
1627383
1839282
1375381
2266063
1830524
1562619
1265138
2225557
1441169
2360006
1712390
1167126
2363936
1535964
1198239
1492613
1854960
1144634
1745444
2030765
1978231
2030328
1604864
1102452
1133818
1947977
2115651
1053443
1180070
1073462
1124875
1037020
2135400
2177300
1831855
1984313
2046387
1302646
1575906
1765750
1054830
1877041
1867252
2224256
1061498
1501865
1292259
1097928
2298581
1170565
1035393
1846753
2272927
1274745
1954664
1726985
1687714
2070568
1641710
1742174
1328120
1410255
1668786
1747727
1590159
1830576
1244310
2066645
2160545
1466917
2044098
1020517
1908297
2219385
1317370
1063824
2119217
2261490
2045435
2239397
1636305
1831229
1161391
1195673
1907937
2188813
1250384
2008042
1110130
2025237
1579490
1176630
2158373
2212231
2048264
1533412
2050444
1204661
1094589
2128661
1392937
1602694
2039232
1869485
1722063
2103305
1864356
1601303
1649082
1895855
1561633
1536586
1742377
1831434
1881935
1564493
1773110
1323424
1109097
1295348
1729059
1475659
2068766
1643334
2255526
1696029
2178042
1815330
1214265
1729971
2152068
1676845
1677626
1591640
1840017
1807478
1252741
1912474
1485883
1948085
1599281
2049099
1591396
2283422
1628638
1130397
2084029
1678595
2266750
1017045
1774237
1642010
1451686
1990841
1524038
1525076
1249783
2209413
1568567
1406652
2284489
1855795
1588617
1838814
1560419
1164000
1463976
1079256
1300484
2141176
1282073
1005884
1763210
1526052
1613037
1493040
1219509
1136640
1339959
1500849
2234119
2268238
2271347
1848426
1372098
1754581
1893313
1632867
1983084
2039705
1594143
2037792
2003546
1682029
1911030
2027769
1260836
1195780
1317691
1672671
1832544
1492382
2131433
1422268
1087578
1310304
2128674
1695141
2273151
1685102
1288804
2325744
2278751
1644481
2173378
1414776
1140202
1977456
2122838
1969939
1485949
1733351
1114289
1888009
1115245
1888501
1155048
1733691
1301809
1832169
1617755
1101835
1599874
1678036
1660998
2030338
2073611
2025155
2276939
1515729
1487092
1148745
1299070
2065582
1489619
2165432
1823094
2023616
1359169
1287267
1615160
2208121
1981005
1118819
1801177
1876059
1304176
1378345
1347169
1775253
1549073
1297949
1694936
1274707
2141280
1744180
1070146
1073855
1807239
1832930
2224028
1225372
1978280
1750072
1443816
1981164
1171103
2078757
1175699
2150403
1846278
1211269
1284047
1596861
1458812
1401116
2292547
1549767
1163104
1529854
1840868
1118505
1715544
2003755
2071365
1371721
1418686
1755600
1841565
1949549
1059209
2158380
1802649
2030929
2282622
1450709
1614834
1626719
1612442
1722724
1608395
1254849
2340992
1674240
2021641
2259398
1837788
1328784
1585560
1447991
1094648
1847611
2104835
1463491
2203672
1896265
2099477
2172735
1420555
1913983
1662957
1154264
1950833
1174357
1099449
1835497
1595425
1262981
1656320
1534079
2074736
1709465
1307313
1636834
2304180
1437599
1805775
1864597
1903402
1039341
1584156
1868177
1761691
2179811
1496922
1488198
1837406
2048087
1071404
1594226
1747195
1696768
2272991
1640176
1201405
2111403
1165610
1298167
1472424
2251717
2304575
1645071
2286376
1628390
1481450
1131785
1593128
1438013
1543125
1970741
1166011
1322728
2032794
2122196
1465533
1040783
1359975
2037471
1040374
1370451
2215758
2033911
1407342
1166490
1434045
1255600
2207060
1528942
1636292
1500899
1153702
1694732
1761692
1717727
1285480
1470724
1304079
1356549
2203360
1835179
1665491
1403761
1375662
1623998
1091719
1114035
1813731
1386652
1056004
1802014
2046842
1191749
2208128
1626349
1252170
1821069
2353350
1375872
1735927
1215965
1462652
1050771
1856400
1517098
1241871
1387449
1660276
1575217
2025308
1913422
1653194
2044233
1759418
1832366
1407326
1788578
1172766
1625010
1312449
1659498
2007141
1045264
2008047
1637602
1517927
1077454
1195856
1677656
1717022
1746545
2082474
1898642
1275275
1090811
1847420
1224624
1943973
1363821
1605050
1459105
1801415
1315577
1530827
1877952
1717001
1387739
1877736
1244199
1268230
1854360
1739369
1675230
1163067
1713297
1224405
1142773
1751505
1212354
1694503
2111249
1016045
1630521
1582328
1264493
1068536
1303633
1542426
1002154
2261878
2151432
1073941
1918806
1833951
2116735
2047324
2072823
2039977
1896344
1929306
1894867
1640489
1933341
1491633
1236570
2170832
1206922
1169911
1806422
2234535
1410312
1518933
2148609
1449155
1830849
1990842
1887508
1337270
1186788
1289432
1995793
1342439
1059563
2155043
2031693
2085049
1428283
2105932
1919487
1358858
2212558
1236462
1965840
1803056
1879292
1881964
1494089
2218771
1358568
2271301
1976970
1820412
2298014
1305369
1163808
1890714
1708865
2164818
1803928
1072754
1059933
1390616
1755951
2212420
1312233
1032640
1424642
1418653
1645965
2295582
1649374
1892274
1433847
2172907
1332952
2068632
1772387
1743437
1351299
1853214
1047090
1431263
1831760
1509315
1491145
2055294
1852753
1687110
1512818
1986762
2185381
1220260
1469899
1972101
1250114
2134682
1677846
1785408
1930944
1725485
1609230
1184110
1287566
1182015
2049174
1348122
2128394
1979133
1370997
1823894
1958651
1584103
1939669
2053486
1839765
1396438
1536552
1473096
2351279
1830572
2118001
2102669
1784540
1278049
1700116
2150975
1029712
1760955
1297246
1815315
1204375
1892513
1319206
1858412
2203948
2134883
1461733
1413417
2039413
1774354
1557517
1818972
1237593
1677101
2206210
2160318
1696015
2280266
2379069
1027057
1591952
1679563
1758564
1758348
2184593
1160329
1250616
1303182
1376690
2269940
1217181
1783162
1979887
1908257
1464956
1320976
2165434
1264964
1207088
1485563
2136655
1053152
2265203
1734075
1405860
1129513
2257304
1324219
1751212
1365791
1939887
1215912
2220245
1781439
1648341
1900810
2017370
1462245
1581178
2184519
2120761
1456683
1923557
1276514
1526382
1793224
2161453
1624720
2128789
2163638
2021554
1461402
2275946
2026607
1234859
1960858
1370310
1091754
1504262
1782462
1003771
2227480
1102959
1387852
2109293
1901991
1178601
1049571
1382509
1813477
2173113
2016541
1321745
1978570
1081205
2255664
1170798
2236353
1021650
1458300
1487175
1643394
1080781
1737810
2286039
1714808
2256484
1169233
1144130
1747016
1240827
1350830
1578133
2042618
1269015
1642147
2152418
1153662
1080749
1211761
1570654
2068995
1786672
1682858
2030813
2120029
1525692
1633076
1957586
1718641
1057815
1452575
1295329
1370514
1279796
1817147
1976082
1893401
2208474
1304658
2063759
1229031
1073866
1222449
2260812
1008211
2273291
1923940
1741255
1123601
1714537
2188812
2185340
1038098
1562681
1572828
1922581
1217593
2148520
1456325
1119651
1537790
1689195
1237553
1054544
1256085
1984445
1465163
1384428
2019272
1439286
2109710
1083697
1639347
1742512
2019131
1659594
1763271
2023632
1735764
1869085
1335901
1657333
2048268
1128222
1564255
2271636
1137725
2265042
1805283
1565328
1726702
2245491
1145838
1787553
1899301
1667396
1797065
2241784
1793887
2082360
1529946
2197569
1929640
1353302
1745329
2204864
1790240
1091642
1393469
1558412
2212737
1219189
1808196
1395896
1009453
2029107
1485379
1488390
1943740
1442456
1013337
2189586
1768733
1856719
1588149
1950500
2096351
1947420
1102276
1180713
1609933
1900302
1475026
1449420
1079011
1533614
2055216
1384052
2038599
1347513
1123054
1710395
1108949
1737190
1062814
2225545
1923419
1349934
2211795
1218117
1799631
1724360
1182897
1130802
2011448
2055183
1246211
2074809
1547669
2137461
1741836
2048560
1073289
1177330
1296529
1096768
1152169
2143459
1396292
1304899
1237383
2006856
1677812
1844679
2061089
2188656
1882870
2060455
1084483
2023569
1399919
2279557
2272317
2143454
1015479
2253978
2130351
1008178
1022437
1339233
2204231
1268683
1559936
1040602
1914105
1178352
1807807
1485123
1080668
1612099
1494970
2212710
1043170
2244323
1196282
1415621
1733001
1383641
2294248
1288831
1642988
1959195
1248690
1256318
1196199
1906549
1417349
1561202
2140798
1350261
1573577
1557161
1199483
1913753
1272644
1280126
1888450
1710455
2002118
1246470
1546831
1331011
1203480
1752938
2041026
1321660
1206192
1299196
1195323
1740865
1460203
1322415
1384953
1885036
1092567
1439246
1401464
1971156
2043674
2082248
1348722
1145362
1360111
2349309
1912714
1894561
2052531
1285615
2151132
2114992
1301217
2047987
1636085
1624152
1335118
1073965
2300595
2193956
2105926
2138010
1692109
1784516
1974204
1387678
1045263
1816927
1713397
1460451
1145077
1986216
1666346
1738660
1627751
1976554
1121522
1754162
1386128
1615065
1598427
1295366
1797586
1798761
1510880
1870651
2259672
2073895
1240621
1840510
2263990
1260345
1979023
1326138
1080262
1864841
1578090
2197540
2164252
1548494
1108813
1694572
1881811
1659909
1198568
1919943
2066066
1579831
1377819
1184048
1897052
1788852
1826095
1319090
1902060
1898359
2046131
1355583
1581431
1725709
2143945
1969766
1995519
1738064
1034453
1673086
1026990
2279842
1176773
1264346
1994835
1040482
1188290
1523919
1758497
2033001
1911070
1303047
2380126
1973676
2218398
1573304
1852595
1823754
1839607
2263691
1174612
1642345
2188413
1381556
1889596
2170383
1297994
1202811
1816471
1003260
1020761
2122698
1388310
1620382
1496848
2214395
1225371
1937562
2176925
1920764
1748476
1216533
2196872
1632914
1938501
1535655
2213481
1976753
1856343
1450428
2272138
1846390
1111223
1716058
1989142
1475208
1795219
2012745
2043857
1523392
1251901
1332976
1989378
1861035
1260990
1482253
1529835
1558110
1887569
2227126
1246054
1753544
1753598
1723769
1493666
2250485
1992240
1398802
1188800
1794234
1048750
1650298
1065749
2039554
1845026
1204172
1400194
1102682
1026204
1231851
1830644
1968439
2080962
1663926
1023886
1230372
1251699
1955314
1359268
1770427
2326231
2202130
1131483
2101757
1060834
1611080
1433313
1060214
1251969
1402094
2063523
1342801
1252664
1023753
1363957
2116585
1516065
2173776
1665309
2258192
2273743
2154879
1501809
1026466
1515366
1231360
1919008
1838549
1824589
2127291
1053725
1688952
1486956
1329645
2108329
2162571
1686323
1078954
2120839
1073997
1946259
1693778
1466772
1790716
2182314
2071560
2056577
2089040
1773862
1728452
2387107
1913532
1406432
1520762
1730113
1597684
2110033
1750596
2187118
1938868
1369377
1273242
1268704
1060975
1319210
2214250
2016210
1651775
1709938
2137159
1009076
1304070
1678097
2282233
1789894
1936266
1967049
1723623
1472772
2176167
1364841
1080181
1441910
2063919
1969267
2175390
2113533
1867328
2147163
1101216
2146625
1451642
1481052
2387488
1608232
2292375
1618097
2166004
1498669
1287985
1538794
1277995
2298104
1266106
1006820
2319756
1352676
1630444
2194181
1093114
1600972
2268629
2222522
1681256
1575410
1716135
1892608
1656361
1700903
2273952
2243928
1185331
1642470
1877461
1203544
2050785
2130050
1722051
1302926
1906179
1236165
1763028
1467429
2084307
1616863
2024250
1450672
1822375
1359232
2311567
1597938
1118917
2235479
1611781
1013655
1613387
1688856
1812974
1034962
1843436
1294336
1788623
1599375
2187151
1800082
1972661
2160102
1461523
2223873
1677285
1043181
1906785
1768568
1654887
1627372
1754402
2111255
1021480
1796325
1446641
2192559
2195587
1500737
2028288
1520947
1662521
1011782
1000088
1325151
1739950
1618201
1824193
1011420
2100045
1733964
1424522
2239027
2000179
1705618
2202969
1160853
1031539
1868088
1210663
1408864
1821254
1899057
2008311
1361452
1255947
1537980
2053281
1104404
2210195
2224962
2266456
1809223
1904866
2013994
1287392
2244524
2251274
1560956
1275111
1654559
2229643
1840784
1708598
1738383
1327739
1648137
1035708
1204469
2202974
2014175
2273851
1626317
1694459
1099839
1407705
1489727
1142892
1671042
2268508
1936659
1386326
1284415
1531467
1070310
1373838
1902780
1353633
1547900
1800999
1920143
1602618
1828631
1617223
1948041
2133355
1992991
1561139
1145152
2042110
2226972
2240762
1520652
1460888
1394101
2140806
1473691
1520263
2157810
1850350
1229889
1270212
1071686
2241651
1339476
2281075
1687384
1446208
2105169
1273251
1019210
1751280
1256887
2050552
1519326
2162120
1114007
1013879
2133568
1677999
1033907
2146480
2221303
1733724
1479165
1247703
1059321
1140509
1620622
1862315
1026560
2238502
2260575
2137518
1816990
1270626
1465883
1461830
1528484
1081850
1524246
1075513
1168782
2192162
1058213
1297717
1097388
1472129
2160859
1858564
1305681
1714997
1640197
1130260
1924012
1647860
1947199
1906057
2264880
1719479
1879853
1061985
1676424
1116453
1133678
1014776
1091457
2072274
2270553
1762900
1930868
1395893
1318186
2275227
1849808
1771002
1791746
2071305
1751826
1201818
1749983
1437205
2172163
1004768
2168845
1259485
2276660
1802943
1153978
1490222
2067373
1443231
2068046
1034393
1008937
1059121
2137597
2211947
1193914
1805444
1923010
2184109
1175810
2257969
2062848
1424286
1311076
1344594
1458024
1083553
1734986
1522450
1813680
1577956
1283960
2179194
1383808
1765245
1604390
1772173
1461706
1129542
1834494
2107537
2288954
2042714
1199336
1561107
1730065
1174782
1567627
2230145
1336832
1903969
1220537
1918934
1688138
1818443
2228171
1585538
2180855
1254814
2229492
2047892
2225172
2245715
2228635
2069428
1729246
1166917
2254894
1478201
1636990
1292413
1406909
2118248
1153219
2141184
2141401
2252759
1564303
1454625
1620504
1854365
1532947
2183837
1703749
2294286
1331774
1042626
1294506
2023064
1222713
2082622
1985869
2098098
2218997
1837581
1399999
2041776
1607813
1133632
1820687
1559476
1148776
1480749
1383318
1939947
1505358
1597200
2016145
1085940
1884778
2040312
2017259
2099615
2098509
1082341
1099271
1138155
2077291
2105759
1337423
1289907
1309525
1849028
1439279
2189725
1834406
1795516
1242405
2227108
1462381
1517793
1667154
1014050
1891653
2251826
1890496
1822038
1418603
1476455
2155856
1218060
1200579
1233644
1483517
2278711
1583220
1935419
1646135
1263814
2061347
1574149
2145463
1507387
1866593
1020073
1652336
2298960
1104375
1072516
2141710
2203374
2070694
2274599
1718104
1668882
2079080
1718085
2085870
1784050
1271010
1288630
1197283
1127190
1469612
1552654
1796793
1548603
1292428
1842035
1041891
1215868
2085740
1551586
1255658
1560477
1335262
2063927
2229356
1811567
1483355
1563700
1243702
2211327
1372702
1220524
1450930
2240928
1470163
1785450
1074267
1476631
2039214
1791695
2163697
1610205
1771407
1661194
1006960
1597857
1950436
1925934
2127898
1458485
1204458
1316634
1175828
1207619
1054074
2304566
1217717
1047702
1981097
1257972
1511953
2297858
1165761
2058528
1428974
1590257
1119416
1969428
1774276
1735530
1396364
1569505
2339466
2175305
1397381
2143842
2072119
1485139
1740901
1763277
1731042
2100206
1649691
1887413
1541485
1255527
2143822
1796618
1500771
2280673
1027233
1937795
1735869
1046945
1707181
2060579
1405865
2196521
1482239
1056939
1128147
1709154
1127178
1694547
1659978
1576139
1617866
1398492
2180665
1424154
2046290
1718323
1406381
1755630
2132486
1441803
2217773
1723984
2114307
1648213
1015318
1377244
1106947
1230058
1720919
1640712
2151122
1151079
1338520
1561191
1260041
2028275
1023891
2216044
1594969
1409097
1619569
1459095
2129220
2253553
2115012
1153651
1867404
1115152
1986297
2099399
1250768
1097821
1414458
1044111
1785797
1373764
1600866
2224392
2294731
2132838
1321430
1687631
1952061
1757269
1165126
1515167
1068966
1833062
2155944
1657208
1507076
1207593
1956381
1468208
1586802
1573973
1570293
1210648
2267490
1689767
1616313
1088732
1528198
1567482
1528457
1869416
1892377
1591963
1336317
1324633
1686819
1761401
1464264
1128572
1450856
1624582
1776567
1151557
1904814
2043483
2108840
1955971
2012748
1933257
1680596
1341217
1467073
1930756
2113895
2079027
1285688
1591397
1562767
1043215
1133245
1955541
1859354
2016020
1891936
1837218
1397149
1353451
1835207
1294528
1394762
1548397
1597600
1712475
2150832
2017765
2188899
1691862
1901866
1703737
1343106
2248117
2040508
1125972
2223201
1886527
1739035
1085200
1290932
2007683
1638194
1190785
2174386
1250588
1403075
1428672
1119169
1098238
1305923
1856025
1507816
2011460
1118116
1820522
1184205
1903799
2175437
1241976
1200631
1085497
1860701
2225075
1626742
1074007
1496183
1289619
1717153
1216227
1576687
1855462
1809289
1981606
1957905
1747339
1416712
2209471
1496533
1436667
1264955
1263665
1922419
2266670
1009722
2086149
1951730
1216050
1508089
1657347
2109133
1005652
1159139
1037979
2007504
1352737
1828552
1989132
1235383
1327732
1440217
1574877
2221182
2074195
1649467
1311903
1117145
1531100
2299146
1886794
1482963
2101968
1491647
1607228
1981628
1775477
1060188
1032170
1730964
1513047
2007463
1673644
1569561
2236177
1594063
1668173
2242881
1722264
1734043
1456319
2208289
2175011
1745363
1018617
1724495
1559210
1506797
1355896
1356463
1415931
1205068
1323416
1867790
1745098
1100815
2030331
2031442
2287771
1986640
1413485
1631837
2124498
1368042
1363267
2147825
2036548
1000971
1662011
1751092
2152885
1842051
1236275
1020865
1747088
2048940
2250600
1397123
1869669
1703445
1240912
1814502
2037969
2185735
1127402
1434817
1673649
2243398
1886520
1499316
1273415
1774018
2107177
1046464
1217084
1356592
2218853
1722759
1012762
1255686
1259745
1642889
1337413
2245849
1674334
1985422
1297515
1486380
1166247
1980117
2066787
1019760
1801768
2184981
1190015
1679672
1620500
1404453
1746103
2164527
1569598
1077045
1633122
1193988
1192739
1657539
2010356
1999078
1309862
1660212
2068564
1425415
1260628
1222659
1955205
1152849
1556738
1795440
1078800
1990766
1348906
1859520
1218862
1738367
2048484
2189534
2094976
1848490
1753043
1543384
1797909
1868794
1515852
1287509
1384033
1472755
1271027
1656778
2067676
1347076
2037615
2117144
2144964
1747885
1773817
1757159
2162806
1629749
1928236
1024747
1395169
2057318
1228581
2118324
1156114
1679469
1965320
1478601
1144299
1511552
1260363
2226500
2144542
1166557
1658821
2145146
1429488
1976067
1076990
1366993
1919883
1782449
2206653
1990125
1165032
1421093
1649008
1811475
2242264
2019149
2127340
1202335
2266084
1554414
1634075
1637207
1361026
1709753
1058368
2031059
2095676
2152310
1528899
1523288
1980957
1519743
1464044
1047451
1727320
2187210
2054706
1126760
1231475
1513582
1674324
1478846
1693006
1729607
1631297
1945602
2011032
1286610
1399316
1863234
1307825
1296908
1142071
1065893
1564302
2166507
1980578
1635851
1465544
1117481
1084428
1155634
2064514
2163565
1465993
1061469
1166682
1673200
2077296
1329782
2102074
1650560
2073839
2092776
1170389
2155378
1721741
2051481
1613647
2085502
1358171
1420608
1942881
1056342
2172848
2120859
1159499
1945478
1592525
1809517
1116505
1092401
1594637
1257515
1292262
1258827
1556438
2119901
2034767
2195906
1685247
1597861
1304564
1468217
1831084
1329723
1873482
1609259
1983918
2078222
1840033
1175087
1831399
1683112
1099865
1698104
1360487
1667606
1890126
2060849
1140808
1530670
1289380
1233819
2156021
1844920
1928779
1331212
2080062
2087717
1925421
1105279
1356280
1494099
1159596
1360711
1177045
2100970
1753047
2182217
1599011
2274974
1578545
2248639
1149476
1318981
2091781
1477492
1424047
1186688
1623245
1648084
1393515
2347977
1305880
1343137
1256468
1061386
1635476
1843129
1092018
2142874
1971728
2131703
1030648
2197475
1234912
1907236
2075793
1115266
1246034
1298206
1030618
1024856
1916548
1546796
1593401
2240110
1508490
1693512
1195602
1301115
1705681
1446232
2132337
1548588
1779690
1404280
1138422
2274499
1682311
1902841
1949603
1961356
1620991
1192864
1828851
1151119
1377342
1084727
1160146
1146433
1075486
2284958
1864049
1757567
1672879
1215348
2195601
1233970
1266606
1276743
1522592
2081048
1305747
1351302
1489795
1358777
1588892
1106912
2095473
2040509
1165427
1765424
1267151
1476411
2108503
2166036
2121836
2250255
1739561
2217196
1763279
1028932
1550629
1142008
1202867
1201975
1094594
2151616
2184470
1280048
2005837
1356858
1912645
1472738
1076704
2101673
2184676
1771582
1494942
1884919
1619623
2223257
1927418
1666086
1627041
2041573
1699295
1497052
1838196
2127532
1247154
1598028
1467108
1594534
1443486
1508054
2294333
1430635
2284121
1824296
1677189
1474948
1967266
1499614
1065017
1250763
1232621
1258332
1619030
1076859
1666181
1973502
1517388
1239045
1199801
2161033
1138933
1800910
1598068
2124212
1408379
1590266
2192382
1189671
2253696
1352257
2214457
1464058
1944189
2254732
1128876
1976322
1748952
1824570
2070636
1016871
1951955
1098826
1284605
2144001
1038836
2221113
1923750
1946129
2260597
1122042
1462635
2133334
2277229
1501925
1816648
1253700
2007343
1068780
1983521
1848866
1969924
1090496
1574716
1008653
1330669
1354035
1233033
1035206
1741806
2077200
1487831
1090148
1862602
2212936
1337112
1872062
2105561
1691504
1661504
1271735
1318670
1770863
1702843
1535037
1571304
1646528
2267258
2214628
1382945
1329920
1367940
1079741
2205125
1443074
1120770
1507691
1911720
1896054
1749968
1828546
1665302
1823565
2221510
1410593
1029073
2289553
2372706
2325331
1594894
2285273
1642469
1262946
1102598
1485952
1038056
1759931
1215296
1579896
2042242
2027498
1000500
1986433
1550711
1393292
